1234
5555
5683
0852
2222
6969
9999
7777
3333
8888
2525
1235
4444
2020
2021
1673
1533
0060
0061
0062
0063
0064
0065
0066
0067
0068
0069
0160
0161
0162
0163
0164
0165
0166
0167
0168
0169
0260
0261
0262
0263
0264
0265
0266
0267
0268
0269
0360
0361
0362
0363
0364
0365
0366
0367
0368
0369
0460
0461
0462
0463
0464
0465
0466
0467
0468
0469
0560
0561
0562
0563
0564
0565
0566
0567
0568
0569
0660
0661
0662
0663
0664
0665
0666
0667
0668
0669
0760
0761
0762
0763
0764
0765
0766
0767
0768
0769
0860
0861
0862
0863
0864
0865
0866
0867
0868
0869
0960
0961
0962
0963
0964
0965
0966
0967
0968
0969
0070
0071
0072
0073
0074
0075
0076
0077
0078
0079
0170
0171
0172
0173
0174
0175
0176
0177
0178
0179
0270
0271
0272
0273
0274
0275
0276
0277
0278
0279
0370
0371
0372
0373
0374
0375
0376
0377
0378
0379
0470
0471
0472
0473
0474
0475
0476
0477
0478
0479
0570
0571
0572
0573
0574
0575
0576
0577
0578
0579
0670
0671
0672
0673
0674
0675
0676
0677
0678
0679
0770
0771
0772
0773
0774
0775
0776
0777
0778
0779
0870
0871
0872
0873
0874
0875
0876
0877
0878
0879
0970
0971
0972
0973
0974
0975
0976
0977
0978
0979
0080
0081
0082
0083
0084
0085
0086
0087
0088
0089
0180
0181
0182
0183
0184
0185
0186
0187
0188
0189
0280
0281
0282
0283
0284
0285
0286
0287
0288
0289
0380
0381
0382
0383
0384
0385
0386
0387
0388
0389
0480
0481
0482
0483
0484
0485
0486
0487
0488
0489
0580
0581
0582
0583
0584
0585
0586
0587
0588
0589
0680
0681
0682
0683
0684
0685
0686
0687
0688
0689
0780
0781
0782
0783
0784
0785
0786
0787
0788
0789
0880
0881
0882
0883
0884
0885
0886
0887
0888
0889
0980
0981
0982
0983
0984
0985
0986
0987
0988
0989
0090
0091
0092
0093
0094
0095
0096
0097
0098
0099
0190
0191
0192
0193
0194
0195
0196
0197
0198
0199
0290
0291
0292
0293
0294
0295
0296
0297
0298
0299
0390
0391
0392
0393
0394
0395
0396
0397
0398
0399
0490
0491
0492
0493
0494
0495
0496
0497
0498
0499
0590
0591
0592
0593
0594
0595
0596
0597
0598
0599
0690
0691
0692
0693
0694
0695
0696
0697
0698
0699
0790
0791
0792
0793
0794
0795
0796
0797
0798
0799
0890
0891
0892
0893
0894
0895
0896
0897
0898
0899
0990
0991
0992
0993
0994
0995
0996
0997
0998
0999
0000
0001
0002
0003
0004
0005
0006
0007
0008
0009
0100
0101
0102
0103
0104
0105
0106
0107
0108
0109
0200
0201
0202
0203
0204
0205
0206
0207
0208
0209
0300
0301
0302
0303
0304
0305
0306
0307
0308
0309
0400
0401
0402
0403
0404
0405
0406
0407
0408
0409
0500
0501
0502
0503
0504
0505
0506
0507
0508
0509
0600
0601
0602
0603
0604
0605
0606
0607
0608
0609
0700
0701
0702
0703
0704
0705
0706
0707
0708
0709
0800
0801
0802
0803
0804
0805
0806
0807
0808
0809
0900
0901
0902
0903
0904
0905
0906
0907
0908
0909
0010
0011
0012
0013
0014
0015
0016
0017
0018
0019
0110
0111
0112
0113
0114
0115
0116
0117
0118
0119
0210
0211
0212
0213
0214
0215
0216
0217
0218
0219
0310
0311
0312
0313
0314
0315
0316
0317
0318
0319
0410
0411
0412
0413
0414
0415
0416
0417
0418
0419
0510
0511
0512
0513
0514
0515
0516
0517
0518
0519
0610
0611
0612
0613
0614
0615
0616
0617
0618
0619
0710
0711
0712
0713
0714
0715
0716
0717
0718
0719
0810
0811
0812
0813
0814
0815
0816
0817
0818
0819
0910
0911
0912
0913
0914
0915
0916
0917
0918
0919
0020
0120
0220
0320
0420
0520
0620
0720
0820
0920
0021
0121
0221
0321
0421
0521
0621
0721
0821
0921
1020
1021
1120
1121
1220
1221
1060
1061
1062
1063
1064
1065
1066
1067
1068
1069
1160
1161
1162
1163
1164
1165
1166
1167
1168
1169
1260
1261
1262
1263
1264
1265
1266
1267
1268
1269
1360
1361
1362
1363
1364
1365
1366
1367
1368
1369
1460
1461
1462
1463
1464
1465
1466
1467
1468
1469
1560
1561
1562
1563
1564
1565
1566
1567
1568
1569
1660
1661
1662
1663
1664
1665
1666
1667
1668
1669
1760
1761
1762
1763
1764
1765
1766
1767
1768
1769
1860
1861
1862
1863
1864
1865
1866
1867
1868
1869
1960
1961
1962
1963
1964
1965
1966
1967
1968
1969
2060
2061
2062
2063
2064
2065
2066
2067
2068
2069
2160
2161
2162
2163
2164
2165
2166
2167
2168
2169
2260
2261
2262
2263
2264
2265
2266
2267
2268
2269
2360
2361
2362
2363
2364
2365
2366
2367
2368
2369
2460
2461
2462
2463
2464
2465
2466
2467
2468
2469
2560
2561
2562
2563
2564
2565
2566
2567
2568
2569
2660
2661
2662
2663
2664
2665
2666
2667
2668
2669
2760
2761
2762
2763
2764
2765
2766
2767
2768
2769
2860
2861
2862
2863
2864
2865
2866
2867
2868
2869
2960
2961
2962
2963
2964
2965
2966
2967
2968
2969
3060
3061
3062
3063
3064
3065
3066
3067
3068
3069
3160
3161
3162
3163
3164
3165
3166
3167
3168
3169
1070
1071
1072
1073
1074
1075
1076
1077
1078
1079
1170
1171
1172
1173
1174
1175
1176
1177
1178
1179
1270
1271
1272
1273
1274
1275
1276
1277
1278
1279
1370
1371
1372
1373
1374
1375
1376
1377
1378
1379
1470
1471
1472
1473
1474
1475
1476
1477
1478
1479
1570
1571
1572
1573
1574
1575
1576
1577
1578
1579
1670
1671
1672
1673
1674
1675
1676
1677
1678
1679
1770
1771
1772
1773
1774
1775
1776
1777
1778
1779
1870
1871
1872
1873
1874
1875
1876
1877
1878
1879
1970
1971
1972
1973
1974
1975
1976
1977
1978
1979
2070
2071
2072
2073
2074
2075
2076
2077
2078
2079
2170
2171
2172
2173
2174
2175
2176
2177
2178
2179
2270
2271
2272
2273
2274
2275
2276
2277
2278
2279
2370
2371
2372
2373
2374
2375
2376
2377
2378
2379
2470
2471
2472
2473
2474
2475
2476
2477
2478
2479
2570
2571
2572
2573
2574
2575
2576
2577
2578
2579
2670
2671
2672
2673
2674
2675
2676
2677
2678
2679
2770
2771
2772
2773
2774
2775
2776
2777
2778
2779
2870
2871
2872
2873
2874
2875
2876
2877
2878
2879
2970
2971
2972
2973
2974
2975
2976
2977
2978
2979
3070
3071
3072
3073
3074
3075
3076
3077
3078
3079
3170
3171
3172
3173
3174
3175
3176
3177
3178
3179
1080
1081
1082
1083
1084
1085
1086
1087
1088
1089
1180
1181
1182
1183
1184
1185
1186
1187
1188
1189
1280
1281
1282
1283
1284
1285
1286
1287
1288
1289
1380
1381
1382
1383
1384
1385
1386
1387
1388
1389
1480
1481
1482
1483
1484
1485
1486
1487
1488
1489
1580
1581
1582
1583
1584
1585
1586
1587
1588
1589
1680
1681
1682
1683
1684
1685
1686
1687
1688
1689
1780
1781
1782
1783
1784
1785
1786
1787
1788
1789
1880
1881
1882
1883
1884
1885
1886
1887
1888
1889
1980
1981
1982
1983
1984
1985
1986
1987
1988
1989
2080
2081
2082
2083
2084
2085
2086
2087
2088
2089
2180
2181
2182
2183
2184
2185
2186
2187
2188
2189
2280
2281
2282
2283
2284
2285
2286
2287
2288
2289
2380
2381
2382
2383
2384
2385
2386
2387
2388
2389
2480
2481
2482
2483
2484
2485
2486
2487
2488
2489
2580
2581
2582
2583
2584
2585
2586
2587
2588
2589
2680
2681
2682
2683
2684
2685
2686
2687
2688
2689
2780
2781
2782
2783
2784
2785
2786
2787
2788
2789
2880
2881
2882
2883
2884
2885
2886
2887
2888
2889
2980
2981
2982
2983
2984
2985
2986
2987
2988
2989
3080
3081
3082
3083
3084
3085
3086
3087
3088
3089
3180
3181
3182
3183
3184
3185
3186
3187
3188
3189
1090
1091
1092
1093
1094
1095
1096
1097
1098
1099
1190
1191
1192
1193
1194
1195
1196
1197
1198
1199
1290
1291
1292
1293
1294
1295
1296
1297
1298
1299
1390
1391
1392
1393
1394
1395
1396
1397
1398
1399
1490
1491
1492
1493
1494
1495
1496
1497
1498
1499
1590
1591
1592
1593
1594
1595
1596
1597
1598
1599
1690
1691
1692
1693
1694
1695
1696
1697
1698
1699
1790
1791
1792
1793
1794
1795
1796
1797
1798
1799
1890
1891
1892
1893
1894
1895
1896
1897
1898
1899
1990
1991
1992
1993
1994
1995
1996
1997
1998
1999
2090
2091
2092
2093
2094
2095
2096
2097
2098
2099
2190
2191
2192
2193
2194
2195
2196
2197
2198
2199
2290
2291
2292
2293
2294
2295
2296
2297
2298
2299
2390
2391
2392
2393
2394
2395
2396
2397
2398
2399
2490
2491
2492
2493
2494
2495
2496
2497
2498
2499
2590
2591
2592
2593
2594
2595
2596
2597
2598
2599
2690
2691
2692
2693
2694
2695
2696
2697
2698
2699
2790
2791
2792
2793
2794
2795
2796
2797
2798
2799
2890
2891
2892
2893
2894
2895
2896
2897
2898
2899
2990
2991
2992
2993
2994
2995
2996
2997
2998
2999
3090
3091
3092
3093
3094
3095
3096
3097
3098
3099
3190
3191
3192
3193
3194
3195
3196
3197
3198
3199
1000
1001
1002
1003
1004
1005
1006
1007
1008
1009
1100
1101
1102
1103
1104
1105
1106
1107
1108
1109
1200
1201
1202
1203
1204
1205
1206
1207
1208
1209
1300
1301
1302
1303
1304
1305
1306
1307
1308
1309
1400
1401
1402
1403
1404
1405
1406
1407
1408
1409
1500
1501
1502
1503
1504
1505
1506
1507
1508
1509
1600
1601
1602
1603
1604
1605
1606
1607
1608
1609
1700
1701
1702
1703
1704
1705
1706
1707
1708
1709
1800
1801
1802
1803
1804
1805
1806
1807
1808
1809
1900
1901
1902
1903
1904
1905
1906
1907
1908
1909
2000
2001
2002
2003
2004
2005
2006
2007
2008
2009
2100
2101
2102
2103
2104
2105
2106
2107
2108
2109
2200
2201
2202
2203
2204
2205
2206
2207
2208
2209
2300
2301
2302
2303
2304
2305
2306
2307
2308
2309
2400
2401
2402
2403
2404
2405
2406
2407
2408
2409
2500
2501
2502
2503
2504
2505
2506
2507
2508
2509
2600
2601
2602
2603
2604
2605
2606
2607
2608
2609
2700
2701
2702
2703
2704
2705
2706
2707
2708
2709
2800
2801
2802
2803
2804
2805
2806
2807
2808
2809
2900
2901
2902
2903
2904
2905
2906
2907
2908
2909
3000
3001
3002
3003
3004
3005
3006
3007
3008
3009
3100
3101
3102
3103
3104
3105
3106
3107
3108
3109
1010
1011
1012
1013
1014
1015
1016
1017
1018
1019
1110
1111
1112
1113
1114
1115
1116
1117
1118
1119
1210
1211
1212
1213
1214
1215
1216
1217
1218
1219
1310
1311
1312
1313
1314
1315
1316
1317
1318
1319
1410
1411
1412
1413
1414
1415
1416
1417
1418
1419
1510
1511
1512
1513
1514
1515
1516
1517
1518
1519
1610
1611
1612
1613
1614
1615
1616
1617
1618
1619
1710
1711
1712
1713
1714
1715
1716
1717
1718
1719
1810
1811
1812
1813
1814
1815
1816
1817
1818
1819
1910
1911
1912
1913
1914
1915
1916
1917
1918
1919
2010
2011
2012
2013
2014
2015
2016
2017
2018
2019
2110
2111
2112
2113
2114
2115
2116
2117
2118
2119
2210
2211
2212
2213
2214
2215
2216
2217
2218
2219
2310
2311
2312
2313
2314
2315
2316
2317
2318
2319
2410
2411
2412
2413
2414
2415
2416
2417
2418
2419
2510
2511
2512
2513
2514
2515
2516
2517
2518
2519
2610
2611
2612
2613
2614
2615
2616
2617
2618
2619
2710
2711
2712
2713
2714
2715
2716
2717
2718
2719
2810
2811
2812
2813
2814
2815
2816
2817
2818
2819
2910
2911
2912
2913
2914
2915
2916
2917
2918
2919
3010
3011
3012
3013
3014
3015
3016
3017
3018
3019
3110
3111
3112
3113
3114
3115
3116
3117
3118
3119
3020
3021
3120
3121