001974
786786
444444
102030
010203
007007
143143
456123
098765
262607
789789
212121
124578
123789
111222
161616
456456
323232
454545
142536
159951
852456
741852
121314
090909
420420
202020
135790
123567
566566
343434
242424
151515
123457
951753
141414
123786
753159
753951
686868
456852
314159
134679
102938
909090
789963
585858
414240
369369
321321
211295
123455
123369
010101
808080
654123
567890
505050
303030
262626
171717
101832
012345
503422
486449
456654
400178
258456
234567
195885
148197
122333
010600
789123
778899
363636
345678
321654
301286
282828
272727
123098
121272
112358
102299
101101
020770
000563
783072
760760
445566
434343
420840
313131
312180
234234
225588
190184
186816
147369
141390
123124
120796
102083
101098
100686
989898
987456
951159
757575
741123
666999
635241
555666
474747
456838
424242
404040
353535
321456
300185
295690
289689
235711
200000
191919
181818
147147
132465
131795
123450
112211
111333
101296
098098
020202
010109
007008
000007
976431
969696
963321
959595
911911
888999
852258
747474
722122
676767
669926
619619
591983
581985
541164
525252
452744
446289
420421
415326
362436
333555
321123
303197
270589
258258
256815
230783
224466
224122
213305
203131
202308
201356
200004
192837
191699
160681
153426
145335
141985
138793
135246
132132
131166
123147
114912
111213
102399
101984
100607
070707
050505
030303
008008
000123
983921
852852
852123
828282
787898
787878
786687
777888
730200
727272
626626
624967
545454
542000
515415
511057
506070
415263
414141
410888
383838
336699
304050
123456
654321
111111
000000
123123
666666
121212
112233
789456
159753
555555
999999
123321
987654
222222
888888
456789
123654
696969
777777
101010
131313
333333
246810
159357
232323
252525
147258
147852
147890
000001
302010
252099
248248
246825
230314
230230
220196
213213
212327
198600
198400
159263
151500
151089
147789
147741
145236
131415
123357
121121
120120
111189
111000
110699
110022
101112
101062
100100
100001
100000
090998
080499
001609
000786
998877
997489
996527
991986
989875
988597
983479
981986
979225
963963
963852
963842
963258
962007
960014
946072
939393
930457
922831
915485
901209
898318
891984
890890
889988
887483
878787
854333
852963
849787
848405
838383
825303
825301
818181
812812
812001
801303
800544
800320
799553
797979
785009
777999
772300
767676
763166
741953
738228
727472
722222
707070
693876
666777
656565
653961
645445
645172
641987
636363
626262
622737
616062
613251
581984
574300
572106
567567
565622
563956
544717
542881
535353
513513
503414
491978
490767
484848
484045
475797
464646
456258
444555
413147
402694
400306
390141
388180
376376
343385
336989
336655
333222
332211
328031
324015
322001
320017
317537
313211
311311
300685
300596
291179
290786
290405
289243
281984
280545
280392
278065
271801
271291
271159
268328
265355
261262
258789
256648
256181
254860
253646
253106
251989
251988
251275
251035
250833
246890
245839
245220
244096
242624
238226
237126
234789
234700
234444
232545
231985
231213
231079
229858
229323
224249
223844
223467
223344
222690
222040
222000
221999
221982
221824
221259
221258
221256
221221
220586
220534
214365
212306
210888
201651
200512
199800
199600
199500
198895
198700
198604
198323
190899
190685
190230
187836
183196
183145
180381
177881
176498
171183
164900
162324
160987
159632
159159
156666
152001
151995
151080
150989
150786
150400
145563
145181
145145
140887
130977
130198
130184
125278
124421
123987
123546
123458
123445
123258
123121
122884
122112
122099
121899
121234
121213
121196
120284
120189
115599
113920
112903
112000
111999
111985
111299
110274
110103
109995
102369
102298
101097
100994
100795
100355
092094
090728
082779
081856
081200
080880
080821
071185
071102
070711
062897
062402
062002
061299
060600
050904
050285
047225
042501
040497
032500
024664
020995
020588
012012
006391
001985
001690
001650
000666
999888
990199
989140
988706
987987
986016
975111
963504
963369
962000
956983
951357
950516
931631
919191
916875
900009
898989
895623
889900
888222
887799
887516
885522
872602
860824
858585
852654
829188
820317
814435
805124
801503
794613
789987
789321
786777
786000
781987
779089
777333
771105
763270
760978
753421
750437
748801
748596
727727
714714
709394
702810
689457
666333
665387
662001
654456
646464
637963
636472
635802
631995
573733
572010
564231
561987
560427
560226
555821
555444
555069
554455
553355
552255
546463
543213
543210
535455
515151
509458
500358
494949
475869
465067
461984
446667
444333
442233
441877
432100
420888
410378
369852
369123
357951
357660
352090
342955
334724
331980
326423
321454
320275
314436
313181
308094
301621
301504
301408
300487
300398
300038
293821
291984
291284
271273
271260
271187
270786
263626
263160
263059
262821
262001
261989
260779
260439
258963
258369
258147
258012
255717
254970
252627
251829
251183
251011
246800
241973
241192
241174
240849
240500
240288
239880
235318
232467
232432
231372
230888
224499
224477
224098
223544
222733
222333
222111
221989
221988
221975
221603
221008
220673
220654
220472
220298
220226
220186
219219
215506
215028
211200
211112
210686
210491
206279
206121
204460
204013
201299
201254
200300
200200
199999
199601
199422
199412
199012
198910
198888
198811
198611
198500
198484
198385
198300
197811
197800
197777
197700
195200
195195
194919
192667
190901
190196
187459
182009
180888
172520
171984
168210
167943
167349
161986
161279
160884
160695
160390
159487
159123
157953
156238
154300
153351
152400
151994
151288
151284
150897
150586
150000
146527
145678
142312
142047
141984
141516
140895
140658
139400
135791
133900
132456
130012
129655
124890
124816
124563
123478
123465
123459
123453