1235
1236
1245
1247
1248
1253
1254
1256
1257
1258
1259
1263
1265
1268
1269
1423
1425
1426
1452
1453
1456
1457
1458
1459
1475
1478
1485
1486
1487
1489
1523
1524
1526
1528
1532
1536
1537
1542
1546
1547
1548
1562
1563
1564
1568
1569
1573
1574
1578
1582
1584
1586
1587
1589
1596
1598
2135
2136
2145
2147
2148
2153
2154
2156
2157
2158
2159
2314
2315
2351
2354
2356
2357
2358
2359
2365
2368
2369
2413
2415
2417
2451
2453
2456
2457
2458
2459
2471
2475
2478
2485
2486
2487
2489
2513
2514
2519
2531
2536
2537
2541
2546
2547
2548
2563
2564
2568
2569
2573
2574
2578
2584
2586
2587
2589
2591
2596
2598
2631
2635
2639
2651
2653
2654
2657
2658
2659
2684
2685
2687
2689
2693
2695
2698
3214
3215
3241
3245
3247
3248
3251
3254
3256
3257
3258
3259
3265
3268
3269
3512
3514
3519
3521
3524
3526
3528
3541
3542
3546
3547
3548
3562
3564
3568
3569
3574
3578
3582
3584
3586
3587
3589
3591
3596
3598
3621
3624
3625
3651
3652
3654
3657
3658
3659
3684
3685
3687
3689
3695
3698
4123
4125
4126
4152
4153
4156
4157
4158
4159
4175
4178
4213
4215
4217
4231
4235
4236
4251
4253
4256
4257
4258
4259
4263
4265
4268
4269
4512
4517
4519
4521
4523
4526
4528
4532
4536
4537
4562
4563
4568
4569
4571
4573
4578
4582
4586
4587
4589
4591
4596
4598
4712
4715
4751
4752
4753
4756
4758
4759
4785
4786
4789
4851
4852
4853
4856
4857
4859
4862
4863
4865
4869
4871
4875
4879
4895
4896
4897
5123
5124
5126
5128
5142
5146
5147
5148
5196
5198
5213
5214
5219
5231
5236
5237
5241
5246
5247
5248
5263
5264
5268
5269
5284
5286
5287
5289
5321
5324
5326
5328
5362
5364
5368
5369
5374
5378
5412
5417
5419
5421
5423
5426
5428
5462
5463
5468
5469
5471
5473
5478
5482
5486
5487
5489
5621
5623
5624
5628
5632
5637
5639
5641
5642
5647
5648
5682
5684
5687
5689
5691
5693
5698
5732
5736
5741
5742
5746
5748
5782
5784
5786
5789
5821
5823
5824
5826
5841
5842
5846
5847
5862
5863
5864
5869
5873
5874
5879
5891
5896
5897
5912
5914
5962
5963
5964
5968
5982
5984
5986
5987
6213
6214
6215
6231
6235
6239
6241
6245
6247
6248
6251
6253
6254
6257
6258
6259
6321
6324
6325
6351
6352
6354
6357
6358
6359
6395
6398
6512
6514
6519
6521
6523
6524
6528
6532
6537
6539
6541
6542
6547
6548
6573
6574
6578
6582
6584
6587
6589
6591
6593
6598
6841
6842
6845
6847
6851
6852
6853
6854
6857
6859
6874
6875
6879
6893
6895
6897
6932
6935
6951
6952
6953
6954
6957
6958
6984
6985
6987
7412
7415
7421
7423
7425
7426
7451
7452
7453
7456
7458
7459
7485
7486
7489
7512
7514
7519
7521
7523
7524
7526
7528
7532
7536
7541
7542
7546
7548
7562
7563
7564
7568
7569
7582
7584
7586
7589
7591
7596
7598
7841
7842
7845
7851
7852
7853
7854
7856
7859
7862
7863
7865
7869
7895
7896
8412
8415
8417
8421
8423
8425
8426
8451
8452
8453
8456
8457
8459
8471
8475
8479
8512
8514
8519
8521
8523
8524
8526
8532
8536
8537
8541
8542
8546
8547
8562
8563
8564
8569
8573
8574
8579
8591
8596
8597
8621
8623
8624
8625
8632
8635
8639
8651
8652
8653
8654
8657
8659
8693
8695
8697
8741
8742
8745
8751
8752
8753
8754
8756
8759
8795
8796
8951
8952
8953
8954
8956
8957
8962
8963
8965
8974
8975
9512
9514
9521
9523
9524
9526
9528
9532
9536
9537
9541
9542
9546
9547
9548
9562
9563
9564
9568
9573
9574
9578
9582
9584
9586
9587
9621
9623
9624
9625
9632
9635
9651
9652
9653
9654
9657
9658
9684
9685
9687
9841
9842
9845
9847
9851
9852
9853
9854
9856
9857
9862
9863
9865
9874
9875