123654
123658
123698
125463
125469
125473
125478
125637
125639
125647
125693
125698
125873
125874
125879
125896
125897
145236
145237
145287
145289
145632
145637
145639
145693
145698
145823
145873
145879
145896
145897
147852
147856
147896
213654
213658
213698
214563
214569
214587
214589
214785
214789
231456
231458
231478
236541
236547
236587
236589
236985
236987
254136
254137
254173
254178
254196
254198
254631
254637
254639
254691
254693
254698
254713
254719
254731
254736
254789
256314
256319
256374
256378
256391
256398
256413
256417
256419
256471
256473
256478
256913
256914
256931
256937
256987
258731
258736
258741
258746
258791
258796
258913
258914
258963
258964
258973
258974
321456
321458
321478
325417
325419
325469
325471
325478
325641
325647
325691
325698
325874
325879
325891
325896
325897
365214
365219
365287
365289
365412
365417
365419
365471
365478
365821
365874
365879
365891
365897
369852
369854
369874
412365
412369
412563
412569
412587
412589
417852
417856
417896
452136
452137
452173
452178
452196
452198
452317
452319
452369
452371
452378
452871
452873
452879
452891
452896
452897
456321
456328
456371
456378
456391
456398
456912
456917
456932
456937
456982
456987
458213
458217
458219
458231
458236
458237
458712
458719
458732
458736
458791
458796
458912
458917
458963
458971
458973
471236
471256
471258
478521
478523
478563
478569
478963
478965
521364
521369
521374
521378
521463
521469
521473
521478
521963
521964
521987
523146
523147
523196
523198
523641
523647
523691
523698
523741
523746
523789
528731
528736
528741
528746
528791
528796
528913
528914
528963
528964
528973
528974
541236
541237
541287
541289
541732
541736
541782
541789
541963
541982
541987
546321
546328
546371
546378
546391
546398
546912
546917
546932
546937
546982
546987
547123
547128
547196
547198
547321
547328
547369
547821
547823
547891
547896
563214
563219
563287
563289
563741
563782
563789
563912
563914
563982
563987
564123
564128
564173
564178
564193
564198
564712
564719
564732
564739
564782
564789
569123
569128
569147
569321
569328
569374
569378
569821
569823
569873
569874
582136
582137
582146
582147
582196
582197
582314
582319
582364
582369
582374
582379
587321
587364
587369
587412
587419
587463
587469
587912
587914
587963
587964
589123
589146
589147
589632
589637
589641
589647
589732
589736
589741
589746
632145
632147
632541
632547
632587
632589
639852
639854
639874
652137
652139
652147
652193
652198
652314
652319
652374
652378
652391
652398
652873
652874
652879
652891
652893
652897
654123
654128
654173
654178
654193
654198
654712
654719
654732
654739
654782
654789
658213
658214
658219
658231
658237
658239
658732
658739
658741
658791
658793
658912
658914
658932
658937
658973
658974
693214
693254
693258
698521
698523
698541
698547
698741
698745
741236
741256
741258
745213
745219
745231
745236
745289
745632
745639
745691
745693
745698
745821
745823
745891
745896
785213
785214
785219
785231
785236
785412
785419
785463
785469
785632
785639
785641
785691
785693
789632
789652
789654
852136
852137
852146
852147
852196
852197
852314
852319
852364
852369
852374
852379
854123
854173
854179
854196
854197
854632
854637
854639
854691
854693
854697
854712
854719
854732
854736
854791
854796
856321
856374
856379
856391
856397
856412
856417
856419
856471
856473
856479
856912
856914
856932
856937
856973
856974
874123
874125
874521
874523
874563
874569
879632
879652
879654
896321
896325
896521
896523
896541
896547
897412
897452
897456
963214
963254
963258
965213
965214
965231
965237
965287
965412
965417
965471
965473
965478
965821
965823
965873
965874
985213
985214
985231
985236
985237
985412
985417
985463
985471
985473
985632
985637
985641
985647
987412
987452
987456