12365478
12365874
12365879
12365897
12369854
12369874
12546378
12546398
12546937
12546987
12547369
12547896
12563789
12563987
12564739
12564789
12569374
12569378
12569873
12569874
12587364
12587369
12587463
12587469
12587963
12587964
12589637
12589647
12589736
12589746
14523698
14523789
14528736
14528796
14528963
14528973
14563287
14563289
14563782
14563789
14563982
14563987
14569328
14569378
14569823
14569873
14582369
14582379
14587369
14587963
14589632
14589637
14589732
14589736
14785236
14785632
14785639
14785693
14789632
14789652
21365478
21365874
21365879
21365897
21369854
21369874
21456378
21456398
21456937
21456987
21458736
21458796
21458963
21458973
21478563
21478569
21478963
21478965
23145698
23145879
23145896
23145897
23147856
23147896
23654178
23654198
23654719
23654789
23658741
23658791
23658914
23658974
23698541
23698547
23698741
23698745
25413698
25413789
25417369
25417896
25419637
25419873
25463178
25463198
25463719
25463789
25463917
25463987
25469137
25469173
25469178
25469317
25469371
25469378
25469871
25469873
25471369
25471963
25473196
25473198
25473691
25473698
25478913
25478963
25631478
25631987
25637419
25637891
25639147
25639874
25641378
25641398
25641739
25641789
25641937
25641987
25647139
25647193
25647198
25647319
25647391
25647398
25647891
25647893
25691374
25691378
25691473
25691478
25693147
25693741
25698731
25698741
25873146
25873196
25873641
25873691
25874136
25874196
25874631
25874639
25874691
25874693
25879136
25879146
25879631
25879641
25891364
25891374
25891463
25891473
25896314
25896374
25896413
25896417
25896471
25896473
25897314
25897364
25897413
25897463
32145698
32145879
32145896
32145897
32147856
32147896
32541789
32541987
32546917
32546987
32547196
32547198
32547891
32547896
32564178
32564198
32564719
32564789
32569147
32569874
32587419
32587469
32587914
32587964
32589146
32589147
32589641
32589647
32589741
32589746
36521478
36521987
36528741
36528791
36528914
36528974
36541287
36541289
36541782
36541789
36541982
36541987
36547128
36547198
36547821
36547891
36582147
36582197
36587412
36587419
36587912
36587914
36589147
36589741
36985214
36985412
36985417
36985471
36987412
36987452
41236587
41236589
41236985
41236987
41256378
41256398
41256937
41256987
41258736
41258796
41258963
41258973
41785236
41785632
41785639
41785693
41789632
41789652
45213698
45213789
45217369
45217896
45219637
45219873
45231789
45231987
45236917
45236987
45237196
45237198
45237891
45237896
45287136
45287196
45287319
45287369
45287913
45287963
45289136
45289137
45289173
45289631
45289637
45289713
45289731
45289736
45632178
45632198
45632871
45632879
45632891
45632897
45637128
45637198
45637821
45637891
45639128
45639178
45639821
45639871
45691237
45691287
45691732
45691782
45693217
45693287
45693712
45693782
45698213
45698217
45698231
45698237
45698712
45698732
45821369
45821379
45821736
45821796
45821963
45821973
45823179
45823196
45823197
45823691
45823697
45823719
45823791
45823796
45871236
45871963
45873219
45873691
45879123
45879632
45891236
45891237
45891732
45891736
45896321
45896371
45897123
45897321
47123658
47123698
47125639
47125693
47125698
47125896
47852136
47852196
47852319
47852369
47856321
47856391
47856912
47856932
47896321
47896325
47896521
47896523
52136478
52136987
52137469
52137896
52146378
52146398
52146937
52146987
52147369
52147896
52196374
52196378
52196473
52196478
52198736
52198746
52314698
52314789
52319647
52319874
52364178
52364198
52364719
52364789
52369147
52369874
52374196
52374198
52374691
52374698
52378914
52378964
52873146
52873196
52873641
52873691
52874136
52874196
52874631
52874639
52874691
52874693
52879136
52879146
52879631
52879641
52891364
52891374
52891463
52891473
52896314
52896374
52896413
52896417
52896471
52896473
52897314
52897364
52897413
52897463
54123698
54123789
54128736
54128796
54128963
54128973
54173289
54173698
54178236
54178963
54196328
54196378
54198236
54198237
54198732
54198736
54632178
54632198
54632871
54632879
54632891
54632897
54637128
54637198
54637821
54637891
54639128
54639178
54639821
54639871
54691237
54691287
54691732
54691782
54693217
54693287
54693712
54693782
54698213
54698217
54698231
54698237
54698712
54698732
54712369
54712896
54719632
54719823
54732196
54732198
54732891
54732896
54736912
54736982
54782136
54782196
54782319
54782369
54789123
54789632
56321478
56321987
56328741
56328791
56328914
56328974
56374128
56374198
56378214
56378219
56378912
56378914
56391287
56391478
56398214
56398741
56412378
56412398
56412873
56412879
56412893
56412897
56417328
56417398
56417823
56417893
56419328
56419378
56419823
56419873
56471239
56471289
56471932
56471982
56473219
56473289
56473912
56473982
56478213
56478219
56478231
56478239
56478912
56478932
56912374
56912378
56912873
56912874
56914732
56914782
56932147
56932874
56937412
56937821
56982137
56982147
56982314
56982374
56987321
56987412
58213647
58213697
58213746
58213796
58214637
58214639
58214693
58214697
58214736
58214796
58219637
58219647
58219736
58219746
58231469
58231479
58231964
58231974
58236417
58236419
58236471
58236479
58236914
58236974
58237419
58237469
58237914
58237964
58732146
58732196
58736412
58736419
58736912
58736914
58741236
58741963
58746321
58746391
58746912
58746932
58791236
58791463
58796321
58796412
58912364
58912374
58914632
58914637
58914732
58914736
58963214
58963741
58964123
58964173
58964712
58964732
58973214
58973641
58974123
58974632
63214587
63214589
63214785
63214789
63254178
63254198
63254719
63254789
63258741
63258791
63258914
63258974
63985214
63985412
63985417
63985471
63987412
63987452
65213789
65213987
65214739
65214789
65219374
65219378
65219873
65219874
65231478
65231987
65237419
65237891
65239147
65239874
65287314
65287319
65287391
65287413
65287419
65287913
65287914
65287931
65289137
65289147
65289314
65289374
65289731
65289741
65412378
65412398
65412873
65412879
65412893
65412897
65417328
65417398
65417823
65417893
65419328
65419378
65419823
65419873
65471239
65471289
65471932
65471982
65473219
65473289
65473912
65473982
65478213
65478219
65478231
65478239
65478912
65478932
65821374
65821379
65821397
65821473
65821479
65821937
65821973
65821974
65823147
65823197
65823741
65823791
65823914
65823974
65873214
65873219
65873912
65873914
65874123
65874193
65879123
65879321
65891237
65891473
65893214
65893741
65897321
65897412
69321458
69321478
69325417
69325471
69325478
69325874
69852137
69852147
69852314
69852374
69854123
69854173
69854712
69854732
69874123
69874125
69874521
69874523
74123658
74123698
74125639
74125693
74125698
74125896
74521369
74521963
74523196
74523198
74523691
74523698
74528913
74528963
74563219
74563289
74563912
74563982
74569123
74569128
74569321
74569328
74569821
74569823
74582136
74582196
74582319
74582369
74589123
74589632
78521364
78521369
78521463
78521469
78521963
78521964
78523146
78523196
78523641
78523691
78541236
78541963
78546321
78546391
78546912
78546932
78563214
78563219
78563912
78563914
78564123
78564193
78569123
78569321
78963214
78963254
78965213
78965214
78965231
78965412
85213647
85213697
85213746
85213796
85214637
85214639
85214693
85214697
85214736
85214796
85219637
85219647
85219736
85219746
85231469
85231479
85231964
85231974
85236417
85236419
85236471
85236479
85236914
85236974
85237419
85237469
85237914
85237964
85412369
85412379
85417369
85417963
85419632
85419637
85419732
85419736
85463217
85463219
85463712
85463719
85463791
85463912
85463917
85463971
85469123
85469173
85469321
85469371
85469712
85469732
85471236
85471963
85473219
85473691
85479123
85479632
85632147
85632197
85637412
85637419
85637912
85637914
85639147
85639741
85641237
85641239
85641732
85641739
85641793
85641932
85641937
85641973
85647123
85647193
85647321
85647391
85647912
85647932
85691237
85691473
85693214
85693741
85697321
85697412
87412365
87412369
87412563
87412569
87452136
87452196
87452319
87452369
87456321
87456391
87456912
87456932
87963214
87963254
87965213
87965214
87965231
87965412
89632145
89632147
89632541
89632547
89652137
89652147
89652314
89652374
89654123
89654173
89654712
89654732
89741236
89741256
89745213
89745231
89745236
89745632
96321458
96321478
96325417
96325471
96325478
96325874
96521374
96521378
96521473
96521478
96523147
96523741
96528731
96528741
96541237
96541287
96541732
96541782
96547123
96547128
96547321
96547328
96547821
96547823
96582137
96582147
96582314
96582374
96587321
96587412
98521364
98521374
98521463
98521473
98523146
98523147
98523641
98523647
98523741
98523746
98541236
98541237
98541732
98541736
98546321
98546371
98547123
98547321
98563214
98563741
98564123
98564173
98564712
98564732
98741236
98741256
98745213
98745231
98745236
98745632