1236547
1236587
1236589
1236985
1236987
1254637
1254639
1254693
1254698
1254736
1254789
1256374
1256378
1256398
1256473
1256478
1256937
1256987
1258736
1258746
1258796
1258963
1258964
1258973
1258974
1452369
1452378
1452873
1452879
1452896
1452897
1456328
1456378
1456398
1456932
1456937
1456982
1456987
1458236
1458237
1458732
1458736
1458796
1458963
1458973
1478523
1478563
1478569
1478963
1478965
2136547
2136587
2136589
2136985
2136987
2145637
2145639
2145693
2145698
2145873
2145879
2145896
2145897
2147856
2147896
2314569
2314587
2314589
2314785
2314789
2365417
2365419
2365471
2365478
2365874
2365879
2365891
2365897
2369854
2369874
2541369
2541378
2541736
2541789
2541963
2541987
2546317
2546319
2546371
2546378
2546391
2546398
2546913
2546917
2546931
2546937
2546987
2547136
2547196
2547198
2547319
2547369
2547891
2547896
2563147
2563198
2563741
2563789
2563914
2563987
2564137
2564139
2564173
2564178
2564193
2564198
2564713
2564719
2564731
2564739
2564789
2569137
2569147
2569314
2569374
2569378
2569873
2569874
2587314
2587319
2587364
2587369
2587413
2587419
2587463
2587469
2587913
2587914
2587963
2587964
2589136
2589137
2589146
2589147
2589631
2589637
2589641
2589647
2589731
2589736
2589741
2589746
3214569
3214587
3214589
3214785
3214789
3254178
3254196
3254198
3254691
3254698
3254719
3254789
3256417
3256419
3256471
3256478
3256914
3256987
3258741
3258746
3258791
3258796
3258914
3258964
3258974
3652147
3652198
3652874
3652879
3652891
3652897
3654128
3654178
3654198
3654712
3654719
3654782
3654789
3658214
3658219
3658741
3658791
3658912
3658914
3658974
3698521
3698541
3698547
3698741
3698745
4123658
4123698
4125637
4125639
4125693
4125698
4125873
4125879
4125896
4125897
4178523
4178563
4178569
4178963
4178965
4521369
4521378
4521736
4521789
4521963
4521987
4523178
4523196
4523198
4523691
4523698
4523719
4523789
4528713
4528719
4528731
4528736
4528791
4528796
4528913
4528917
4528963
4528971
4528973
4563217
4563219
4563287
4563289
4563712
4563719
4563782
4563789
4563912
4563917
4563982
4563987
4569123
4569128
4569173
4569178
4569321
4569328
4569371
4569378
4569821
4569823
4569871
4569873
4582136
4582137
4582173
4582179
4582196
4582197
4582317
4582319
4582369
4582371
4582379
4587123
4587196
4587321
4587369
4587912
4587963
4589123
4589173
4589632
4589637
4589712
4589732
4589736
4712365
4712369
4712563
4712569
4712589
4785213
4785219
4785231
4785236
4785632
4785639
4785691
4785693
4789632
4789652
5213647
5213698
5213746
5213789
5214637
5214639
5214693
5214698
5214736
5214789
5219637
5219647
5219873
5219874
5231469
5231478
5231964
5231987
5236417
5236419
5236471
5236478
5236914
5236987
5237419
5237469
5237891
5237896
5287314
5287319
5287364
5287369
5287413
5287419
5287463
5287469
5287913
5287914
5287963
5287964
5289136
5289137
5289146
5289147
5289631
5289637
5289641
5289647
5289731
5289736
5289741
5289746
5412369
5412378
5412873
5412879
5412896
5412897
5417328
5417369
5417823
5417896
5419632
5419637
5419823
5419873
5463217
5463219
5463287
5463289
5463712
5463719
5463782
5463789
5463912
5463917
5463982
5463987
5469123
5469128
5469173
5469178
5469321
5469328
5469371
5469378
5469821
5469823
5469871
5469873
5471236
5471289
5471963
5471982
5473219
5473289
5473691
5473698
5478213
5478219
5478231
5478236
5478912
5478963
5632147
5632198
5632874
5632879
5632891
5632897
5637412
5637419
5637821
5637891
5639128
5639147
5639821
5639874
5641237
5641239
5641287
5641289
5641732
5641739
5641782
5641789
5641932
5641937
5641982
5641987
5647123
5647128
5647193
5647198
5647321
5647328
5647391
5647398
5647821
5647823
5647891
5647893
5691237
5691287
5691473
5691478
5693214
5693287
5693741
5693782
5698213
5698214
5698231
5698237
5698732
5698741
5821364
5821369
5821374
5821379
5821463
5821469
5821473
5821479
5821963
5821964
5821973
5821974
5823146
5823147
5823196
5823197
5823641
5823647
5823691
5823697
5823741
5823746
5823791
5823796
5873214
5873219
5873641
5873691
5874123
5874196
5874632
5874639
5874691
5874693
5879123
5879146
5879632
5879641
5891236
5891237
5891463
5891473
5896321
5896374
5896412
5896417
5896471
5896473
5897321
5897364
5897412
5897463
6321458
6321478
6325417
6325419
6325471
6325478
6325874
6325879
6325891
6325897
6398521
6398541
6398547
6398741
6398745
6521374
6521378
6521398
6521473
6521478
6521937
6521987
6523147
6523198
6523741
6523789
6523914
6523987
6528731
6528739
6528741
6528791
6528793
6528913
6528914
6528931
6528937
6528973
6528974
6541237
6541239
6541287
6541289
6541732
6541739
6541782
6541789
6541932
6541937
6541982
6541987
6547123
6547128
6547193
6547198
6547321
6547328
6547391
6547398
6547821
6547823
6547891
6547893
6582137
6582139
6582147
6582193
6582197
6582314
6582319
6582374
6582379
6582391
6582397
6587321
6587391
6587412
6587419
6587912
6587914
6587932
6589123
6589147
6589321
6589374
6589732
6589741
6932145
6932147
6932541
6932547
6932587
6985213
6985214
6985231
6985237
6985412
6985417
6985471
6985473
6987412
6987452
7412365
7412369
7412563
7412569
7412589
7452136
7452196
7452198
7452319
7452369
7452891
7452896
7456321
7456328
7456391
7456398
7456912
7456932
7456982
7458213
7458219
7458231
7458236
7458912
7458963
7852136
7852146
7852196
7852314
7852319
7852364
7852369
7854123
7854196
7854632
7854639
7854691
7854693
7856321
7856391
7856412
7856419
7856912
7856914
7856932
7896321
7896325
7896521
7896523
7896541
8521364
8521369
8521374
8521379
8521463
8521469
8521473
8521479
8521963
8521964
8521973
8521974
8523146
8523147
8523196
8523197
8523641
8523647
8523691
8523697
8523741
8523746
8523791
8523796
8541236
8541237
8541732
8541736
8541796
8541963
8541973
8546321
8546371
8546379
8546391
8546397
8546912
8546917
8546932
8546937
8546971
8546973
8547123
8547196
8547321
8547369
8547912
8547963
8563214
8563219
8563741
8563791
8563912
8563914
8563974
8564123
8564173
8564179
8564193
8564197
8564712
8564719
8564732
8564739
8564791
8564793
8569123
8569147
8569321
8569374
8569732
8569741
8741236
8741256
8745213
8745219
8745231
8745236
8745632
8745639
8745691
8745693
8796321
8796325
8796521
8796523
8796541
8963214
8963254
8965213
8965214
8965231
8965237
8965412
8965417
8965471
8965473
8974123
8974125
8974521
8974523
8974563
9632145
9632147
9632541
9632547
9632587
9652137
9652147
9652314
9652374
9652378
9652873
9652874
9654123
9654128
9654173
9654178
9654712
9654732
9654782
9658213
9658214
9658231
9658237
9658732
9658741
9852136
9852137
9852146
9852147
9852314
9852364
9852374
9854123
9854173
9854632
9854637
9854712
9854732
9854736
9856321
9856374
9856412
9856417
9856471
9856473
9874123
9874125
9874521
9874523
9874563