12354
12356
12357
12358
12359
12365
12368
12369
12453
12456
12457
12458
12459
12475
12478
12485
12486
12487
12489
12536
12537
12546
12547
12548
12563
12564
12568
12569
12573
12574
12578
12584
12586
12587
12589
12596
12598
12635
12639
12653
12654
12657
12658
12659
12684
12685
12687
12689
12693
12695
12698
14235
14236
14253
14256
14257
14258
14259
14263
14265
14268
14269
14523
14526
14528
14532
14536
14537
14562
14563
14568
14569
14573
14578
14582
14586
14587
14589
14596
14598
14752
14753
14756
14758
14759
14785
14786
14789
14852
14853
14856
14857
14859
14862
14863
14865
14869
14875
14879
14895
14896
14897
15236
15237
15246
15247
15248
15263
15264
15268
15269
15284
15286
15287
15289
15324
15326
15328
15362
15364
15368
15369
15374
15378
15423
15426
15428
15462
15463
15468
15469
15473
15478
15482
15486
15487
15489
15623
15624
15628
15632
15637
15639
15642
15647
15648
15682
15684
15687
15689
15693
15698
15732
15736
15742
15746
15748
15782
15784
15786
15789
15823
15824
15826
15842
15846
15847
15862
15863
15864
15869
15873
15874
15879
15896
15897
15962
15963
15964
15968
15982
15984
15986
15987
21354
21356
21357
21358
21359
21365
21368
21369
21453
21456
21457
21458
21459
21475
21478
21485
21486
21487
21489
21536
21537
21546
21547
21548
21563
21564
21568
21569
21573
21574
21578
21584
21586
21587
21589
21596
21598
23145
23147
23148
23154
23156
23157
23158
23159
23514
23519
23541
23546
23547
23548
23564
23568
23569
23574
23578
23584
23586
23587
23589
23591
23596
23598
23651
23654
23657
23658
23659
23684
23685
23687
23689
23695
23698
24135
24136
24153
24156
24157
24158
24159
24175
24178
24513
24517
24519
24531
24536
24537
24563
24568
24569
24571
24573
24578
24586
24587
24589
24591
24596
24598
24713
24715
24751
24753
24756
24758
24759
24785
24786
24789
24851
24853
24856
24857
24859
24863
24865
24869
24871
24875
24879
24895
24896
24897
25136
25137
25146
25147
25148
25196
25198
25314
25319
25364
25368
25369
25374
25378
25413
25417
25419
25463
25468
25469
25471
25473
25478
25486
25487
25489
25631
25637
25639
25641
25647
25648
25684
25687
25689
25691
25693
25698
25731
25736
25741
25746
25748
25784
25786
25789
25841
25846
25847
25863
25864
25869
25873
25874
25879
25891
25896
25897
25913
25914
25963
25964
25968
25984
25986
25987
26314
26315
26351
26354
26357
26358
26359
26395
26398
26513
26514
26519
26531
26537
26539
26541
26547
26548
26573
26574
26578
26584
26587
26589
26591
26593
26598
26841
26845
26847
26851
26853
26854
26857
26859
26874
26875
26879
26893
26895
26897
26931
26935
26951
26953
26954
26957
26958
26984
26985
26987
32145
32147
32148
32154
32156
32157
32158
32159
32415
32417
32451
32456
32457
32458
32459
32471
32475
32478
32485
32486
32487
32489
32514
32519
32541
32546
32547
32548
32564
32568
32569
32574
32578
32584
32586
32587
32589
32591
32596
32598
32651
32654
32657
32658
32659
32684
32685
32687
32689
32695
32698
35124
35126
35128
35142
35146
35147
35148
35196
35198
35214
35219
35241
35246
35247
35248
35264
35268
35269
35284
35286
35287
35289
35412
35417
35419
35421
35426
35428
35462
35468
35469
35471
35478
35482
35486
35487
35489
35621
35624
35628
35641
35642
35647
35648
35682
35684
35687
35689
35691
35698
35741
35742
35746
35748
35782
35784
35786
35789
35821
35824
35826
35841
35842
35846
35847
35862
35864
35869
35874
35879
35891
35896
35897
35912
35914
35962
35964
35968
35982
35984
35986
35987
36214
36215
36241
36245
36247
36248
36251
36254
36257
36258
36259
36512
36514
36519
36521
36524
36528
36541
36542
36547
36548
36574
36578
36582
36584
36587
36589
36591
36598
36841
36842
36845
36847
36851
36852
36854
36857
36859
36874
36875
36879
36895
36897
36951
36952
36954
36957
36958
36984
36985
36987
41235
41236
41253
41256
41257
41258
41259
41263
41265
41268
41269
41523
41526
41528
41532
41536
41537
41562
41563
41568
41569
41573
41578
41582
41586
41587
41589
41596
41598
41752
41753
41756
41758
41759
41785
41786
41789
42135
42136
42153
42156
42157
42158
42159
42175
42178
42315
42317
42351
42356
42357
42358
42359
42365
42368
42369
42513
42517
42519
42531
42536
42537
42563
42568
42569
42571
42573
42578
42586
42587
42589
42591
42596
42598
42631
42635
42639
42651
42653
42657
42658
42659
42685
42687
42689
42693
42695
42698
45123
45126
45128
45173
45178
45196
45198
45213
45217
45219
45231
45236
45237
45263
45268
45269
45286
45287
45289
45321
45326
45328
45362
45368
45369
45371
45378
45621
45623
45628
45632
45637
45639
45682
45687
45689
45691
45693
45698
45712
45719
45732
45736
45782
45786
45789
45821
45823
45826
45862
45863
45869
45871
45873
45879
45891
45896
45897
45912
45917
45962
45963
45968
45982
45986
45987
47123
47125
47126
47152
47153
47156
47158
47159
47512
47519
47521
47523
47526
47528
47532
47536
47562
47563
47568
47569
47582
47586
47589
47591
47596
47598
47851
47852
47853
47856
47859
47862
47863
47865
47869
47895
47896
48512
48517
48519
48521
48523
48526
48532
48536
48537
48562
48563
48569
48571
48573
48579
48591
48596
48597
48621
48623
48625
48632
48635
48639
48651
48652
48653
48657
48659
48693
48695
48697
48712
48715
48751
48752
48753
48756
48759
48795
48796
48951
48952
48953
48956
48957
48962
48963
48965
48971
48975
51236
51237
51246
51247
51248
51263
51264
51268
51269
51284
51286
51287
51289
51423
51426
51428
51462
51463
51468
51469
51473
51478
51482
51486
51487
51489
51962
51963
51964
51968
51982
51984
51986
51987
52136
52137
52146
52147
52148
52196
52198
52314
52319
52364
52368
52369
52374
52378
52413
52417
52419
52463
52468
52469
52471
52473
52478
52486
52487
52489
52631
52637
52639
52641
52647
52648
52684
52687
52689
52691
52693
52698
52841
52846
52847
52863
52864
52869
52873
52874
52879
52891
52896
52897
53214
53219
53241
53246
53247
53248
53264
53268
53269
53284
53286
53287
53289
53621
53624
53628
53641
53642
53647
53648
53682
53684
53687
53689
53691
53698
53741
53742
53746
53748
53782
53784
53786
53789
54123
54126
54128
54173
54178
54196
54198
54213
54217
54219
54231
54236
54237
54263
54268
54269
54286
54287
54289
54621
54623
54628
54632
54637
54639
54682
54687
54689
54691
54693
54698
54712
54719
54732
54736
54782
54786
54789
54821
54823
54826
54862
54863
54869
54871
54873
54879
54891
54896
54897
56213
56214
56219
56231
56237
56239
56241
56247
56248
56284
56287
56289
56321
56324
56328
56374
56378
56391
56398
56412
56417
56419
56421
56423
56428
56471
56473
56478
56482
56487
56489
56821
56823
56824
56841
56842
56847
56873
56874
56879
56891
56893
56897
56912
56914
56932
56937
56982
56984
56987
57321
57324
57326
57328
57362
57364
57368
57369
57412
57419
57421
57423
57426
57428
57462
57463
57468
57469
57482
57486
57489
57821
57823
57824
57826
57841
57842
57846
57862
57863
57864
57869
57891
57896
58213
58214
58219
58231
58236
58237
58241
58246
58247
58263
58264
58269
58412
58417
58419
58421
58423
58426
58462
58463
58469
58471
58473
58479
58621
58623
58624
58632
58637
58639
58641
58642
58647
58691
58693
58697
58732
58736
58741
58742
58746
58791
58796
58912
58914
58962
58963
58964
58973
58974
59123
59124
59126
59128
59142
59146
59147
59148
59621
59623
59624
59628
59632
59637
59641
59642
59647
59648
59682
59684
59687
59821
59823
59824
59826
59841
59842
59846
59847
59862
59863
59864
59873
59874
62135
62139
62145
62147
62148
62153
62154
62157
62158
62159
62314
62315
62351
62354
62357
62358
62359
62395
62398
62413
62415
62417
62451
62453
62457
62458
62459
62471
62475
62478
62485
62487
62489
62513
62514
62519
62531
62537
62539
62541
62547
62548
62573
62574
62578
62584
62587
62589
62591
62593
62598
63214
63215
63241
63245
63247
63248
63251
63254
63257
63258
63259
63512
63514
63519
63521
63524
63528
63541
63542
63547
63548
63574
63578
63582
63584
63587
63589
63591
63598
63951
63952
63954
63957
63958
63984
63985
63987
65123
65124
65128
65142
65147
65148
65193
65198
65213
65214
65219
65231
65237
65239
65241
65247
65248
65284
65287
65289
65321
65324
65328
65374
65378
65391
65398
65412
65417
65419
65421
65423
65428
65471
65473
65478
65482
65487
65489
65732
65739
65741
65742
65748
65782
65784
65789
65821
65823
65824
65841
65842
65847
65873
65874
65879
65891
65893
65897
65912
65914
65932
65937
65982
65984
65987
68412
68415
68417
68421
68423
68425
68451
68452
68453
68457
68459
68471
68475
68479
68512
68514
68519
68521
68523
68524
68532
68537
68539
68541
68542
68547
68573
68574
68579
68591
68593
68597
68741
68742
68745
68751
68752
68753
68754
68759
68793
68795
68932
68935
68951
68952
68953
68954
68957
68974
68975
69321
69324
69325
69351
69352
69354
69357
69358
69512
69514
69521
69523
69524
69528
69532
69537
69541
69542
69547
69548
69573
69574
69578
69582
69584
69587
69841
69842
69845
69847
69851
69852
69853
69854
69857
69874
69875
74123
74125
74126
74152
74153
74156
74158
74159
74213
74215
74231
74235
74236
74251
74253
74256
74258
74259
74263
74265
74268
74269
74512
74519
74521
74523
74526
74528
74532
74536
74562
74563
74568
74569
74582
74586
74589
74591
74596
74598
74851
74852
74853
74856
74859
74862
74863
74865
74869
74895
74896
75123
75124
75126
75128
75142
75146
75148
75196
75198
75213
75214
75219
75231
75236
75241
75246
75248
75263
75264
75268
75269
75284
75286
75289
75321
75324
75326
75328
75362
75364
75368
75369
75412
75419
75421
75423
75426
75428
75462
75463
75468
75469
75482
75486
75489
75621
75623
75624
75628
75632
75639
75641
75642
75648
75682
75684
75689
75691
75693
75698
75821
75823
75824
75826
75841
75842
75846
75862
75863
75864
75869
75891
75896
75912
75914
75962
75963
75964
75968
75982
75984
75986
78412
78415
78421
78423
78425
78426
78451
78452
78453
78456
78459
78512
78514
78519
78521
78523
78524
78526
78532
78536
78541
78542
78546
78562
78563
78564
78569
78591
78596
78621
78623
78624
78625
78632
78635
78639
78651
78652
78653
78654
78659
78693
78695
78951
78952
78953
78954
78956
78962
78963
78965
84123
84125
84126
84152
84153
84156
84157
84159
84175
84179
84213
84215
84217
84231
84235
84236
84251
84253
84256
84257
84259
84263
84265
84269
84512
84517
84519
84521
84523
84526
84532
84536
84537
84562
84563
84569
84571
84573
84579
84591
84596
84597
84712
84715
84751
84752
84753
84756
84759
84795
84796
85123
85124
85126
85142
85146
85147
85196
85197
85213
85214
85219
85231
85236
85237
85241
85246
85247
85263
85264
85269
85321
85324
85326
85362
85364
85369
85374
85379
85412
85417
85419
85421
85423
85426
85462
85463
85469
85471
85473
85479
85621
85623
85624
85632
85637
85639
85641
85642
85647
85691
85693
85697
85732
85736
85741
85742
85746
85791
85796
85912
85914
85962
85963
85964
85973
85974
86213
86214
86215
86231
86235
86239
86241
86245
86247
86251
86253
86254
86257
86259
86321
86324
86325
86351
86352
86354
86357
86359
86395
86397
86512
86514
86519
86521
86523
86524
86532
86537
86539
86541
86542
86547
86573
86574
86579
86591
86593
86597
86932
86935
86951
86952
86953
86954
86957
86974
86975
87412
87415
87421
87423
87425
87426
87451
87452
87453
87456
87459
87512
87514
87519
87521
87523
87524
87526
87532
87536
87541
87542
87546
87562
87563
87564
87569
87591
87596
87951
87952
87953
87954
87956
87962
87963
87965
89512
89514
89521
89523
89524
89526
89532
89536
89537
89541
89542
89546
89547
89562
89563
89564
89573
89574
89621
89623
89624
89625
89632
89635
89651
89652
89653
89654
89657
89741
89742
89745
89751
89752
89753
89754
89756
95123
95124
95126
95128
95142
95146
95147
95148
95213
95214
95231
95236
95237
95241
95246
95247
95248
95263
95264
95268
95284
95286
95287
95321
95324
95326
95328
95362
95364
95368
95374
95378
95412
95417
95421
95423
95426
95428
95462
95463
95468
95471
95473
95478
95482
95486
95487
95621
95623
95624
95628
95632
95637
95641
95642
95647
95648
95682
95684
95687
95732
95736
95741
95742
95746
95748
95782
95784
95786
95821
95823
95824
95826
95841
95842
95846
95847
95862
95863
95864
95873
95874
96213
96214
96215
96231
96235
96241
96245
96247
96248
96251
96253
96254
96257
96258
96321
96324
96325
96351
96352
96354
96357
96358
96512
96514
96521
96523
96524
96528
96532
96537
96541
96542
96547
96548
96573
96574
96578
96582
96584
96587
96841
96842
96845
96847
96851
96852
96853
96854
96857
96874
96875
98412
98415
98417
98421
98423
98425
98426
98451
98452
98453
98456
98457
98471
98475
98512
98514
98521
98523
98524
98526
98532
98536
98537
98541
98542
98546
98547
98562
98563
98564
98573
98574
98621
98623
98624
98625
98632
98635
98651
98652
98653
98654
98657
98741
98742
98745
98751
98752
98753
98754
98756