123654789
123658974
123698547
123698745
125463789
125463987
125469378
125469873
125473698
125478963
125639874
125647398
125647893
125874639
125874693
125896374
125896473
125897364
125897463
145236987
145237896
145287369
145287963
145289637
145289736
145632879
145632897
145693287
145693782
145698237
145698732
145823697
145823796
145879632
147852369
147856932
147896325
147896523
213654789
213658974
213698547
213698745
214563789
214563987
214569378
214569873
214587369
214587963
214589637
214589736
214785639
214785693
231456987
231458796
231478569
231478965
236541789
236541987
236547198
236547891
236587419
236587914
236589147
236589741
236985417
236985471
254136987
254137896
254173698
254178963
254196378
254198736
254631789
254631987
254637198
254637891
254639178
254639871
254691378
254693178
254698713
254698731
254713698
254789136
254789631
256314789
256319874
256374198
256378914
256391478
256398741
256413789
256413987
256417398
256417893
256419378
256419873
256471398
256473198
256478913
256478931
256931478
256987314
256987413
258731469
258731964
258736419
258736914
258741369
258741963
258746319
258746391
258746913
258746931
258791364
258791463
258796314
258796413
258913647
258913746
258914637
258914736
258963147
258963741
258964137
258964173
258964713
258964731
258973146
258973641
258974136
258974631
321456987
321458796
321478569
321478965
325417896
325469178
325469871
325641789
325641987
325647198
325647891
325691478
325698741
325874196
325874691
325879146
325879641
325896417
325896471
365214789
365219874
365287419
365287914
365289147
365289741
365412879
365412897
365471289
365471982
365478219
365478912
365821479
365821974
365897412
369852147
369854712
369874125
369874521
412365879
412365897
412563789
412563987
412569378
412569873
412587369
412587963
412589637
412589736
417852369
417856932
417896325
417896523
452136987
452137896
452173698
452178963
452196378
452198736
452317896
452369178
452369871
452871369
452871963
452873196
452873691
452879136
452879631
452891736
452896317
452896371
452897136
456321789
456321987
456328719
456328791
456328917
456328971
456371289
456371982
456378219
456378912
456391287
456391782
456398217
456398712
456912378
456912873
456917328
456917823
456932178
456932871
456937128
456937821
456982137
456982173
456982317
456982371
456987123
456987321
458213697
458213796
458217369
458217963
458219637
458219736
458231796
458236917
458236971
458237196
458712369
458719632
458732196
458736912
458791236
458796321
458963217
458963712
458971236
471236589
471236985
471256398
471258963
478521369
478521963
478523196
478523691
478563219
478563912
478569123
478569321
478965213
478965231
521364789
521369874
521374698
521378964
521463789
521463987
521469378
521469873
521473698
521478963
521987364
521987463
523146987
523147896
523196478
523198746
523641789
523641987
523647198
523647891
523691478
523698741
523789146
523789641
528731469
528731964
528736419
528736914
528741369
528741963
528746319
528746391
528746913
528746931
528791364
528791463
528796314
528796413
528913647
528913746
528914637
528914736
528963147
528963741
528964137
528964173
528964713
528964731
528973146
528973641
528974136
528974631
541236987
541237896
541287369
541287963
541289637
541289736
541732896
541736982
541782369
541789632
541963287
541963782
546321789
546321987
546328719
546328791
546328917
546328971
546371289
546371982
546378219
546378912
546391287
546391782
546398217
546398712
546912378
546912873
546917328
546917823
546932178
546932871
546937128
546937821
546982137
546982173
546982317
546982371
546987123
546987321
547123698
547128963
547196328
547198236
547369128
547369821
547821369
547821963
547823196
547823691
547891236
547896321
563214789
563219874
563287419
563287914
563289147
563289741
563741289
563741982
563912874
563914782
563982147
563987412
564123789
564123987
564128739
564128793
564128937
564128973
564173289
564173982
564178239
564178932
564193287
564193782
564198237
564198732
564712398
564712893
564719328
564719823
564732198
564732891
564739128
564739821
564782139
564782193
564782319
564782391
564789123
564789321
569147328
569147823
569321478
569328741
569374128
569378214
569821374
569821473
569823147
569823741
569873214
569874123
582136479
582136974
582137469
582137964
582146379
582146397
582146937
582146973
582147369
582147963
582196374
582196473
582197364
582197463
582314697
582314796
582319647
582319746
582364179
582364197
582364719
582364791
582369147
582369741
582374196
582374691
582379146
582379641
587321469
587321964
587412369
587419632
587463219
587463912
587469123
587469321
587912364
587914632
587963214
587964123
589123647
589123746
589632147
589637412
589641237
589641732
589647123
589647321
589732146
589736412
589741236
589746321
632145879
632145897
632541789
632541987
632547198
632547891
632587419
632587914
632589147
632589741
639852147
639854712
639874125
639874521
652139874
652147398
652147893
652314789
652319874
652374198
652378914
652391478
652398741
652873914
652874139
652874193
652879314
652891374
652891473
652893147
652893741
652897314
652897413
654123789
654123987
654128739
654128793
654128937
654128973
654173289
654173982
654178239
654178932
654193287
654193782
654198237
654198732
654712398
654712893
654719328
654719823
654732198
654732891
654739128
654739821
654782139
654782193
654782319
654782391
654789123
654789321
658213974
658214739
658214793
658219374
658231479
658231974
658237419
658237914
658239147
658239741
658741239
658741932
658793214
658912374
658914732
658932147
658937412
658973214
658974123
693214587
693214785
693254178
693258741
698521374
698521473
698523147
698523741
698541237
698541732
698547123
698547321
698745213
698745231
741236589
741236985
741256398
741258963
745213698
745289136
745289631
745632198
745632891
745639128
745639821
745698213
745698231
745821369
745821963
745823196
745823691
745891236
745896321
785214639
785214693
785231469
785231964
785236419
785236914
785412369
785419632
785463219
785463912
785469123
785469321
785641239
785641932
785693214
789632145
789632541
789652314
789654123
852136479
852136974
852137469
852137964
852146379
852146397
852146937
852146973
852147369
852147963
852196374
852196473
852197364
852197463
852314697
852314796
852319647
852319746
852364179
852364197
852364719
852364791
852369147
852369741
852374196
852374691
852379146
852379641
854123697
854123796
854179632
854632179
854632197
854637912
854639712
854691237
854691732
854693217
854693712
854697123
854697321
854712369
854719632
854732196
854736912
854791236
854796321
856321479
856321974
856397412
856412379
856412397
856417932
856419732
856471239
856471932
856473219
856473912
856479123
856479321
856912374
856914732
856932147
856937412
856973214
856974123
874125639
874125693
874521369
874521963
874523196
874523691
874563219
874563912
874569123
874569321
879632145
879632541
879652314
879654123
896325417
896325471
896521374
896521473
896523147
896523741
896541237
896541732
896547123
896547321
897412365
897412563
897452136
897456321
963214587
963214785
963254178
963258741
965231478
965287314
965287413
965412378
965412873
965417328
965417823
965478213
965478231
965821374
965821473
965823147
965823741
965873214
965874123
985213647
985213746
985214637
985214736
985236417
985236471
985463217
985463712
985471236
985632147
985637412
985641237
985641732
985647123
985647321
987412365
987412563
987452136
987456321